date	lon	lat	lowLon	higLon	lowLat	higLat
7/7/2003	203.983	19.576	203.983	203.983	19.576	19.576
7/8/2003	203.969	20.472	203.4488846	204.4891154	19.4634565	21.4805435
7/9/2003	205.38	20.819	204.8544793	205.9055207	19.60834728	22.02965272
7/10/2003	205.092	21.187	204.5647543	205.6192457	19.89731787	22.47668213
7/11/2003	205.236	21.364	204.7097377	205.7622623	20.03623496	22.69176504
7/12/2003	205.658	21.438	205.1325288	206.1834712	20.07585463	22.80014537
7/13/2003	205.806	21.481	205.2806392	206.3313608	20.06111268	22.90088732
7/14/2003	205.6	21.528	205.0746239	206.1253761	20.1259301	22.9300699
7/15/2003	206.333	21.555	205.8073651	206.8586349	20.12217063	22.98782937
7/16/2003	208.346	21.539	207.8040517	208.8879483	20.01137439	23.06662561
7/18/2003	207.444	22.328	206.8956425	207.9923575	20.81934497	23.83665503
7/19/2003	207.37	22.561	206.8409367	207.8990633	21.04002663	24.08197337
7/20/2003	207.675	22.735	207.1467122	208.2032878	21.24169494	24.22830506
7/21/2003	207.909	22.874	207.3811629	208.4368371	21.46283027	24.28516973
7/22/2003	208.557	23.141	208.0279896	209.0860104	21.75223076	24.52976924
7/23/2003	209.654	23.442	209.1246608	210.1833392	22.03084445	24.85315555
7/24/2003	209.592	23.842	209.0611705	210.1228295	22.34882888	25.33517112
7/25/2003	210.023	24.144	209.4923777	210.5536223	22.63404636	25.65395364
7/26/2003	210.491	24.404	209.9606265	211.0213735	22.79691568	26.01108432
7/27/2003	210.832	24.695	210.3001993	211.3638007	23.01752571	26.37247429
7/28/2003	211.496	24.948	210.947938	212.044062	23.20845983	26.68754017
7/30/2003	212.58	25.386	212.0309536	213.1290464	23.60967796	27.16232204
7/31/2003	213.449	25.468	212.9180838	213.9799162	23.7141471	27.2218529
8/1/2003	213.998	25.512	213.4683699	214.5276301	23.77983373	27.24416627
8/2/2003	214.535	25.512	214.00619	215.06381	23.80977792	27.21422208
8/3/2003	214.677	25.46	214.1493183	215.2046817	23.80666398	27.11333602
8/4/2003	215.215	25.345	214.6888403	215.7411597	23.77611505	26.91388495
8/5/2003	215.841	25.312	215.3132235	216.3687765	23.72541877	26.89858123
8/6/2003	216.614	25.247	216.0872059	217.1407941	23.70421032	26.78978968
8/7/2003	217.258	25.437	216.7275851	217.7884149	23.85526677	27.01873323
8/8/2003	217.867	25.552	217.3372869	218.3967131	24.00085848	27.10314152
8/9/2003	218.528	25.646	217.9984644	219.0575356	24.06201768	27.22998232
8/10/2003	218.922	25.641	218.3938864	219.4501136	24.09879379	27.18320621
8/11/2003	219.379	25.795	218.8486793	219.9093207	24.22933081	27.36066919
8/12/2003	219.796	25.88	219.2663888	220.3256112	24.37761523	27.38238477
8/13/2003	220.017	26.112	219.4856244	220.5483756	24.62721045	27.59678955
8/14/2003	220.714	26.329	220.182952	221.245048	24.82696139	27.83103861
8/15/2003	221.782	26.451	221.251438	222.312562	24.89107692	28.01092308
8/16/2003	221.875	26.607	221.3439331	222.4060669	25.08897497	28.12502503
8/17/2003	222.405	26.745	221.8744531	222.9355469	25.2041431	28.2858569
8/18/2003	223.107	26.788	222.5770981	223.6369019	25.15125934	28.42474066
8/19/2003	223.375	26.821	222.8449811	223.9050189	25.17278885	28.46921115
8/20/2003	223.596	26.77	223.0676441	224.1243559	25.19423352	28.34576648
8/21/2003	223.982	26.826	223.4521019	224.5118981	25.22886507	28.42313493
8/22/2003	224.249	27.011	223.7168384	224.7811616	25.27860282	28.74339718
8/23/2003	225.401	27.217	224.8516331	225.9503669	25.42062587	29.01337413
8/25/2003	226.454	27.546	225.9035311	227.0044689	25.84428322	29.24771678
8/26/2003	226.707	27.723	226.1718178	227.2421822	26.2062403	29.2397597
8/27/2003	227.727	27.825	227.1952143	228.2587857	26.38095014	29.26904986
8/28/2003	228.045	27.95	227.5130902	228.5769098	26.51097255	29.38902745
8/29/2003	228.615	28.043	228.083203	229.146797	26.53287418	29.55312582
8/30/2003	228.035	28.155	227.5020572	228.5679428	26.72560852	29.58439148
8/31/2003	228.715	28.165	228.1844795	229.2455205	26.73738661	29.59261339
9/1/2003	229.567	28.088	229.0371359	230.0968641	26.60034413	29.57565587
9/2/2003	229.623	28.03	229.093	230.153	26.64837777	29.41162223
9/3/2003	229.8	27.915	229.2708913	230.3291087	26.57715098	29.25284902
9/4/2003	230.469	27.641	229.9422591	230.9957409	26.31682479	28.96517521
9/5/2003	231.152	27.311	230.6259696	231.6780304	25.97948958	28.64251042
9/6/2003	231.32	27.015	230.7935553	231.8464447	25.63542035	28.39457965
9/7/2003	231.633	26.722	231.1063426	232.1596574	25.21229804	28.23170196
9/8/2003	232.232	26.454	231.6908161	232.7731839	24.98050076	27.92749924
9/10/2003	233.447	26.293	232.9029375	233.9910625	24.73749365	27.84850635
9/11/2003	233.327	26.161	232.79936	233.85464	24.79306725	27.52893275
9/12/2003	233.8	25.922	233.2740304	234.3259696	24.5996536	27.2443464
9/13/2003	233.922	25.454	233.3983589	234.4456411	24.07078635	26.83721365
9/14/2003	234.135	24.789	233.6131839	234.6568161	23.19195272	26.38604728
9/15/2003	234.711	24.146	234.1762066	235.2457934	22.4796747	25.8123253
9/17/2003	235.808	22.868	235.278034	236.337966	21.45853202	24.27746798
9/18/2003	235.247	21.798	234.7327821	235.7612179	20.40017312	23.19582688
9/19/2003	235.34	21.153	234.8209162	235.8590838	19.57412698	22.73187302
9/20/2003	236.017	20.56	235.4994442	236.5345558	18.95179603	22.16820397
9/21/2003	235.607	19.895	235.0921602	236.1218398	18.40007525	21.38992475
9/22/2003	236.228	19.391	235.7100039	236.7459961	17.84730314	20.93469686
9/23/2003	237.23	18.927	236.7112862	237.7487138	17.20930387	20.64469613
9/24/2003	237.135	18.396	236.6178579	237.6521421	16.62137891	20.17062109
9/25/2003	237.038	17.86	236.5221667	237.5538333	16.13258575	19.58741425
9/26/2003	236.318	17.267	235.803895	236.832105	15.70051349	18.83348651
9/27/2003	236.326	16.891	235.8082665	236.8437335	15.35245523	18.42954477
9/28/2003	236.66	16.459	236.1427689	237.1772311	14.91224857	18.00575143
9/29/2003	237.229	15.898	236.7129845	237.7450155	14.31209962	17.48390038
9/30/2003	237.448	15.236	236.9329155	237.9630845	13.57116367	16.90083633
10/1/2003	237.155	14.517	236.6404555	237.6695445	12.73436151	16.29963849
10/2/2003	237.293	13.847	236.7783739	237.8076261	11.89500615	15.79899385
10/3/2003	237.896	13.14	237.3830205	238.4089795	11.09148835	15.18851165
10/4/2003	238.115	12.457	237.6028321	238.6271679	10.37171824	14.54228176
10/5/2003	238.28	11.859	237.7662569	238.7937431	9.654005669	14.06399433
10/6/2003	238.138	11.318	237.6243464	238.6516536	9.035632808	13.60036719
10/7/2003	238.451	10.951	237.9361796	238.9658204	8.570411837	13.33158816
10/8/2003	238.812	10.676	238.2967447	239.3272553	8.223409533	13.12859047
10/9/2003	239.702	10.577	239.1847109	240.2192891	8.063038982	13.09096102
10/10/2003	239.235	10.376	238.6909338	239.7790662	7.815062672	12.93693733
10/14/2003	239.463	10.238	238.9172675	240.0087325	7.69666177	12.77933823
10/15/2003	239.027	10.129	238.5094287	239.5445713	7.640707413	12.61729259
10/16/2003	239.307	10.072	238.7899778	239.8240222	7.634050042	12.50994996
10/17/2003	238.743	9.8848	238.2271008	239.2588992	7.49532307	12.27427693
10/18/2003	238.622	9.7891	238.1053647	239.1386353	7.445769037	12.13243096
10/19/2003	238.655	9.7494	238.1378888	239.1721112	7.45026973	12.04853027
10/20/2003	238.635	9.6878	238.1181248	239.1518752	7.429127824	11.94647218
10/21/2003	239.195	9.6317	238.6783222	239.7116778	7.41070923	11.85269077
10/22/2003	238.989	9.2623	238.4748327	239.5031673	7.078999746	11.44560025
10/23/2003	239.248	8.9173	238.7337744	239.7622256	6.767974524	11.06662548
10/24/2003	239.61	8.645	239.0952418	240.1247582	6.528587942	10.76141206
10/25/2003	240.147	8.4763	239.6315468	240.6624532	6.393033334	10.55956667
10/26/2003	241.985	8.3965	241.4691822	242.5008178	6.343307364	10.44969264
10/27/2003	242.803	8.0871	242.2885527	243.3174473	6.06640705	10.10779295
10/28/2003	241.359	7.4468	240.8452763	241.8727237	5.461171636	9.432428364
10/29/2003	242.521	7.0703	242.0070272	243.0349728	5.12251151	9.01808849
10/30/2003	242.474	6.5158	241.9604087	242.9875913	4.61387466	8.41772534
10/31/2003	242.722	6.0343	242.2081051	243.2358949	4.177959514	7.890640486
11/1/2003	242.806	5.6051	242.2918366	243.3201634	3.792312092	7.417887908
11/2/2003	243.116	5.2482	242.6015916	243.6304084	3.47270007	7.02369993
11/3/2003	243.755	4.7636	243.2410662	244.2689338	3.052518471	6.474681529
11/4/2003	244.756	4.6289	244.2406128	245.2713872	3.021056724	6.236743276
11/5/2003	245.101	4.8124	244.569504	245.632496	3.374415299	6.250384701
11/7/2003	245.141	5.615	245.141	245.141	5.615	5.615
